====== Ni (35000) into Layer 1                  =======
        SRIM-2013.00
==========================================
    Ion and Target VACANCY production     
  See SRIM Outputs\TDATA.txt for calc. details
==========================================
--------------------------------------------------------------------
    Recoil/Damage Calculations made with Kinchin-Pease Estimates    
--------------------------------------------------------------------
 See file :  SRIM Outputs\TDATA.txt for calculation data
 Ion    = Ni   Energy = 35000 keV
============= TARGET MATERIAL ======================================
Layer  1 : Layer 1
Layer Width =     1.E+05 A ;
  Layer # 1- Density = 9.127E22 atoms/cm3 = 8.895 g/cm3
  Layer # 1- Ni = 100  Atomic Percent = 100  Mass Percent
====================================================================
 Total Ions calculated =16575.79
 Total Target Vacancies     = 14675 /Ion

==========================================================
  Table Units are  >>>> Vacancies/(Angstrom-Ion)  <<<<  
==========================================================
   TARGET     VACANCIES     VACANCIES 
   DEPTH         by            by     
   (Ang.)       IONS         RECOILS  
-----------  -----------  ------------
100001.E-02  5656.81E-06  4951.17E-05  
200001.E-02  5987.95E-06  5210.59E-05  
300001.E-02  6193.43E-06  5450.27E-05  
400001.E-02  6457.79E-06  5309.18E-05  
500001.E-02  6691.09E-06  5941.68E-05  
600001.E-02  6922.15E-06  6157.62E-05  
700001.E-02  7149.16E-06  6500.61E-05  
800001.E-02  7454.25E-06  6638.26E-05  
900001.E-02  7762.23E-06  7502.88E-05  
100000.E-01  8070.75E-06  7530.87E-05  
110000.E-01  8421.86E-06  8406.27E-05  
120000.E-01  8767.79E-06  9194.66E-05  
130000.E-01  9201.13E-06  9725.45E-05  
140000.E-01  9640.33E-06  9910.07E-05  
150000.E-01  1000.34E-05  1085.30E-04  
160000.E-01  1051.81E-05  1106.89E-04  
170000.E-01  1097.06E-05  1229.17E-04  
180000.E-01  1156.10E-05  1308.69E-04  
190000.E-01  1204.81E-05  1364.17E-04  
200000.E-01  1262.26E-05  1476.90E-04  
210000.E-01  1321.90E-05  1501.03E-04  
220000.E-01  1384.80E-05  1688.87E-04  
230000.E-01  1458.54E-05  1810.56E-04  
240000.E-01  1533.51E-05  1946.52E-04  
250000.E-01  1603.15E-05  2057.82E-04  
260000.E-01  1689.71E-05  2144.70E-04  
270000.E-01  1758.73E-05  2304.74E-04  
280000.E-01  1849.47E-05  2606.36E-04  
290000.E-01  1946.66E-05  2657.70E-04  
300000.E-01  2038.60E-05  2874.18E-04  
310000.E-01  2171.92E-05  3108.31E-04  
320000.E-01  2274.83E-05  3348.90E-04  
330000.E-01  2410.82E-05  3679.55E-04  
340000.E-01  2545.87E-05  3876.29E-04  
350000.E-01  2693.31E-05  4287.93E-04  
360000.E-01  2838.37E-05  4616.21E-04  
370000.E-01  3040.80E-05  5089.60E-04  
380000.E-01  3199.52E-05  5586.59E-04  
390000.E-01  3337.43E-05  6092.86E-04  
400000.E-01  3454.67E-05  6629.08E-04  
410000.E-01  3539.31E-05  7292.65E-04  
420000.E-01  3648.37E-05  7634.41E-04  
430000.E-01  3693.39E-05  7840.94E-04  
440000.E-01  3651.51E-05  7701.91E-04  
450000.E-01  3385.14E-05  6961.75E-04  
460000.E-01  2929.53E-05  6010.67E-04  
470000.E-01  2228.04E-05  4520.46E-04  
480000.E-01  1417.92E-05  2722.03E-04  
490000.E-01  7308.01E-06  1382.02E-04  
500000.E-01  2689.28E-06  4991.46E-05  
510000.E-01  6641.01E-07  1143.55E-05  
520000.E-01  7637.65E-08  1068.97E-06  
530000.E-01  0000.00E+00  0000.00E+00  
540000.E-01  0000.00E+00  0000.00E+00  
550000.E-01  0000.00E+00  0000.00E+00  
560000.E-01  0000.00E+00  0000.00E+00  
570000.E-01  0000.00E+00  0000.00E+00  
580000.E-01  0000.00E+00  0000.00E+00  
590000.E-01  0000.00E+00  0000.00E+00  
600000.E-01  0000.00E+00  0000.00E+00  
610000.E-01  0000.00E+00  0000.00E+00  
620000.E-01  0000.00E+00  0000.00E+00  
630000.E-01  0000.00E+00  0000.00E+00  
640000.E-01  0000.00E+00  0000.00E+00  
650000.E-01  0000.00E+00  0000.00E+00  
660000.E-01  0000.00E+00  0000.00E+00  
670000.E-01  0000.00E+00  0000.00E+00  
680000.E-01  0000.00E+00  0000.00E+00  
690000.E-01  0000.00E+00  0000.00E+00  
700000.E-01  0000.00E+00  0000.00E+00  
710000.E-01  0000.00E+00  0000.00E+00  
720000.E-01  0000.00E+00  0000.00E+00  
730000.E-01  0000.00E+00  0000.00E+00  
740000.E-01  0000.00E+00  0000.00E+00  
750000.E-01  0000.00E+00  0000.00E+00  
760000.E-01  0000.00E+00  0000.00E+00  
770000.E-01  0000.00E+00  0000.00E+00  
780000.E-01  0000.00E+00  0000.00E+00  
790000.E-01  0000.00E+00  0000.00E+00  
800000.E-01  0000.00E+00  0000.00E+00  
810000.E-01  0000.00E+00  0000.00E+00  
820000.E-01  0000.00E+00  0000.00E+00  
830000.E-01  0000.00E+00  0000.00E+00  
840000.E-01  0000.00E+00  0000.00E+00  
850000.E-01  0000.00E+00  0000.00E+00  
860000.E-01  0000.00E+00  0000.00E+00  
870000.E-01  0000.00E+00  0000.00E+00  
880000.E-01  0000.00E+00  0000.00E+00  
890000.E-01  0000.00E+00  0000.00E+00  
900000.E-01  0000.00E+00  0000.00E+00  
910000.E-01  0000.00E+00  0000.00E+00  
920000.E-01  0000.00E+00  0000.00E+00  
930000.E-01  0000.00E+00  0000.00E+00  
940000.E-01  0000.00E+00  0000.00E+00  
950000.E-01  0000.00E+00  0000.00E+00  
960000.E-01  0000.00E+00  0000.00E+00  
970000.E-01  0000.00E+00  0000.00E+00  
980000.E-01  0000.00E+00  0000.00E+00  
990000.E-01  0000.00E+00  0000.00E+00  
100000.E+00  0000.00E+00  0000.00E+00  

 To convert to Energy Lost - multiply by Average Binding Energy =  3  eV/Vacancy
