====== Cu (15000) into Layer 1                  =======
        SRIM-2013.00
==========================================
    Ion and Target VACANCY production     
  See SRIM Outputs\TDATA.txt for calc. details
==========================================
--------------------------------------------------------------------
    Recoil/Damage Calculations made with Kinchin-Pease Estimates    
--------------------------------------------------------------------
 See file :  SRIM Outputs\TDATA.txt for calculation data
 Ion    = Cu   Energy = 25000 keV
============= TARGET MATERIAL ======================================
Layer  1 : Layer 1
Layer Width =     7.E+04 A ;
  Layer # 1- Density = 8.453E22 atoms/cm3 = 8.92 g/cm3
  Layer # 1- Cu = 100  Atomic Percent = 100  Mass Percent
====================================================================
 Total Ions calculated =23838.85
 Total Target Vacancies     = 19036 /Ion

==========================================================
  Table Units are  >>>> Vacancies/(Angstrom-Ion)  <<<<  
==========================================================
   TARGET     VACANCIES     VACANCIES 
   DEPTH         by            by     
   (Ang.)       IONS         RECOILS  
-----------  -----------  ------------
700010.E-03  8333.75E-06  9057.23E-05  
140001.E-02  8797.04E-06  1037.16E-04  
210001.E-02  8996.54E-06  9911.61E-05  
280001.E-02  9216.11E-06  1018.97E-04  
350001.E-02  9429.68E-06  1085.35E-04  
420001.E-02  9683.47E-06  1112.79E-04  
490001.E-02  9907.12E-06  1213.05E-04  
560001.E-02  1018.39E-05  1185.32E-04  
630001.E-02  1047.46E-05  1296.05E-04  
700001.E-02  1075.00E-05  1304.31E-04  
770001.E-02  1094.16E-05  1362.48E-04  
840001.E-02  1129.64E-05  1415.34E-04  
910001.E-02  1160.57E-05  1462.63E-04  
980001.E-02  1190.19E-05  1475.76E-04  
105000.E-01  1228.52E-05  1588.54E-04  
112000.E-01  1259.03E-05  1667.82E-04  
119000.E-01  1296.50E-05  1650.09E-04  
126000.E-01  1334.38E-05  1842.45E-04  
133000.E-01  1378.70E-05  1886.34E-04  
140000.E-01  1417.64E-05  1995.09E-04  
147000.E-01  1461.04E-05  2032.00E-04  
154000.E-01  1507.03E-05  2132.39E-04  
161000.E-01  1554.81E-05  2245.06E-04  
168000.E-01  1610.05E-05  2372.41E-04  
175000.E-01  1660.55E-05  2446.51E-04  
182000.E-01  1724.27E-05  2555.09E-04  
189000.E-01  1777.23E-05  2738.60E-04  
196000.E-01  1843.36E-05  2749.27E-04  
203000.E-01  1907.74E-05  3029.47E-04  
210000.E-01  1976.09E-05  3077.15E-04  
217000.E-01  2053.60E-05  3417.42E-04  
224000.E-01  2127.67E-05  3472.63E-04  
231000.E-01  2209.91E-05  3667.01E-04  
238000.E-01  2303.67E-05  3913.49E-04  
245000.E-01  2399.92E-05  4236.52E-04  
252000.E-01  2502.68E-05  4504.91E-04  
259000.E-01  2607.23E-05  4682.07E-04  
266000.E-01  2733.51E-05  4936.47E-04  
273000.E-01  2861.31E-05  5286.91E-04  
280000.E-01  2994.57E-05  5692.69E-04  
287000.E-01  3138.29E-05  5877.68E-04  
294000.E-01  3282.82E-05  6514.85E-04  
301000.E-01  3426.98E-05  7107.20E-04  
308000.E-01  3535.43E-05  7640.78E-04  
315000.E-01  3637.54E-05  8276.24E-04  
322000.E-01  3678.97E-05  8836.02E-04  
329000.E-01  3766.49E-05  9553.29E-04  
336000.E-01  3871.45E-05  1018.42E-03  
343000.E-01  4051.96E-05  1074.36E-03  
350000.E-01  4223.80E-05  1124.65E-03  
357000.E-01  4311.38E-05  1157.45E-03  
364000.E-01  4335.16E-05  1161.14E-03  
371000.E-01  4214.04E-05  1112.01E-03  
378000.E-01  3980.57E-05  1064.87E-03  
385000.E-01  3515.62E-05  9151.66E-04  
392000.E-01  2969.25E-05  7663.04E-04  
399000.E-01  2317.95E-05  5796.14E-04  
406000.E-01  1657.07E-05  4011.64E-04  
413000.E-01  1063.42E-05  2529.03E-04  
420000.E-01  5686.99E-06  1312.34E-04  
427000.E-01  2612.90E-06  5752.70E-05  
434000.E-01  1008.68E-06  2245.71E-05  
441000.E-01  2758.40E-07  5665.49E-06  
448000.E-01  7131.22E-08  1461.77E-06  
455000.E-01  1312.38E-08  2638.13E-07  
462000.E-01  5633.06E-09  1041.80E-07  
469000.E-01  0000.00E+00  0000.00E+00  
476000.E-01  0000.00E+00  0000.00E+00  
483000.E-01  0000.00E+00  0000.00E+00  
490000.E-01  0000.00E+00  0000.00E+00  
497000.E-01  0000.00E+00  0000.00E+00  
504000.E-01  0000.00E+00  0000.00E+00  
511000.E-01  0000.00E+00  0000.00E+00  
518000.E-01  0000.00E+00  0000.00E+00  
525000.E-01  0000.00E+00  0000.00E+00  
532000.E-01  0000.00E+00  0000.00E+00  
539000.E-01  0000.00E+00  0000.00E+00  
546000.E-01  0000.00E+00  0000.00E+00  
553000.E-01  0000.00E+00  0000.00E+00  
560000.E-01  0000.00E+00  0000.00E+00  
567000.E-01  0000.00E+00  0000.00E+00  
574000.E-01  0000.00E+00  0000.00E+00  
581000.E-01  0000.00E+00  0000.00E+00  
588000.E-01  0000.00E+00  0000.00E+00  
595000.E-01  0000.00E+00  0000.00E+00  
602000.E-01  0000.00E+00  0000.00E+00  
609000.E-01  0000.00E+00  0000.00E+00  
616000.E-01  0000.00E+00  0000.00E+00  
623000.E-01  0000.00E+00  0000.00E+00  
630000.E-01  0000.00E+00  0000.00E+00  
637000.E-01  0000.00E+00  0000.00E+00  
644000.E-01  0000.00E+00  0000.00E+00  
651000.E-01  0000.00E+00  0000.00E+00  
658000.E-01  0000.00E+00  0000.00E+00  
665000.E-01  0000.00E+00  0000.00E+00  
672000.E-01  0000.00E+00  0000.00E+00  
679000.E-01  0000.00E+00  0000.00E+00  
686000.E-01  0000.00E+00  0000.00E+00  
693000.E-01  0000.00E+00  0000.00E+00  
700000.E-01  0000.00E+00  0000.00E+00  

 To convert to Energy Lost - multiply by Average Binding Energy =  0  eV/Vacancy
