====== Ni (35000) into Layer 1                  =======
        SRIM-2013.00
==========================================
    Ion and Target VACANCY production     
  See SRIM Outputs\TDATA.txt for calc. details
==========================================
--------------------------------------------------------------------
    Recoil/Damage Calculations made with Kinchin-Pease Estimates    
--------------------------------------------------------------------
 See file :  SRIM Outputs\TDATA.txt for calculation data
 Ion    = Ni   Energy = 40000 keV
============= TARGET MATERIAL ======================================
Layer  1 : Layer 1
Layer Width =     1.E+05 A ;
  Layer # 1- Density = 9.127E22 atoms/cm3 = 8.895 g/cm3
  Layer # 1- Ni = 100  Atomic Percent = 100  Mass Percent
====================================================================
 Total Ions calculated =16831.96
 Total Target Vacancies     = 14811 /Ion

==========================================================
  Table Units are  >>>> Vacancies/(Angstrom-Ion)  <<<<  
==========================================================
   TARGET     VACANCIES     VACANCIES 
   DEPTH         by            by     
   (Ang.)       IONS         RECOILS  
-----------  -----------  ------------
100001.E-02  5221.08E-06  4211.15E-05  
200001.E-02  5529.78E-06  4529.83E-05  
300001.E-02  5685.14E-06  4990.97E-05  
400001.E-02  5840.67E-06  5074.36E-05  
500001.E-02  6035.07E-06  5247.38E-05  
600001.E-02  6284.29E-06  5208.71E-05  
700001.E-02  6507.38E-06  5726.11E-05  
800001.E-02  6715.02E-06  6018.83E-05  
900001.E-02  6976.96E-06  6019.97E-05  
100000.E-01  7244.08E-06  6580.22E-05  
110000.E-01  7501.98E-06  7117.30E-05  
120000.E-01  7815.84E-06  7372.30E-05  
130000.E-01  8136.19E-06  7495.91E-05  
140000.E-01  8491.94E-06  7960.36E-05  
150000.E-01  8871.22E-06  8365.76E-05  
160000.E-01  9259.76E-06  8894.72E-05  
170000.E-01  9639.40E-06  1038.16E-04  
180000.E-01  1005.50E-05  1109.92E-04  
190000.E-01  1057.17E-05  1129.22E-04  
200000.E-01  1105.51E-05  1269.14E-04  
210000.E-01  1156.21E-05  1321.11E-04  
220000.E-01  1216.31E-05  1380.86E-04  
230000.E-01  1271.85E-05  1526.66E-04  
240000.E-01  1335.44E-05  1523.03E-04  
250000.E-01  1398.38E-05  1706.82E-04  
260000.E-01  1465.76E-05  1796.72E-04  
270000.E-01  1536.09E-05  1903.41E-04  
280000.E-01  1613.96E-05  2108.05E-04  
290000.E-01  1702.16E-05  2256.23E-04  
300000.E-01  1779.57E-05  2430.94E-04  
310000.E-01  1867.06E-05  2551.69E-04  
320000.E-01  1975.11E-05  2859.84E-04  
330000.E-01  2080.36E-05  2973.51E-04  
340000.E-01  2180.90E-05  3194.17E-04  
350000.E-01  2300.29E-05  3378.74E-04  
360000.E-01  2433.83E-05  3672.20E-04  
370000.E-01  2583.63E-05  4011.06E-04  
380000.E-01  2723.15E-05  4337.93E-04  
390000.E-01  2897.69E-05  4736.84E-04  
400000.E-01  3036.12E-05  5070.14E-04  
410000.E-01  3193.19E-05  5640.34E-04  
420000.E-01  3346.92E-05  6206.46E-04  
430000.E-01  3467.36E-05  6855.77E-04  
440000.E-01  3586.61E-05  7310.90E-04  
450000.E-01  3694.39E-05  7666.72E-04  
460000.E-01  3695.42E-05  7724.74E-04  
470000.E-01  3618.07E-05  7527.97E-04  
480000.E-01  3298.43E-05  6895.52E-04  
490000.E-01  2822.13E-05  5789.64E-04  
500000.E-01  2054.48E-05  4122.21E-04  
510000.E-01  1267.51E-05  2482.26E-04  
520000.E-01  6205.22E-06  1158.39E-04  
530000.E-01  2108.01E-06  3821.99E-05  
540000.E-01  5225.18E-07  9127.82E-06  
550000.E-01  5964.84E-08  7970.94E-07  
560000.E-01  3980.52E-09  9211.12E-08  
570000.E-01  0000.00E+00  0000.00E+00  
580000.E-01  0000.00E+00  0000.00E+00  
590000.E-01  0000.00E+00  0000.00E+00  
600000.E-01  0000.00E+00  0000.00E+00  
610000.E-01  0000.00E+00  0000.00E+00  
620000.E-01  0000.00E+00  0000.00E+00  
630000.E-01  0000.00E+00  0000.00E+00  
640000.E-01  0000.00E+00  0000.00E+00  
650000.E-01  0000.00E+00  0000.00E+00  
660000.E-01  0000.00E+00  0000.00E+00  
670000.E-01  0000.00E+00  0000.00E+00  
680000.E-01  0000.00E+00  0000.00E+00  
690000.E-01  0000.00E+00  0000.00E+00  
700000.E-01  0000.00E+00  0000.00E+00  
710000.E-01  0000.00E+00  0000.00E+00  
720000.E-01  0000.00E+00  0000.00E+00  
730000.E-01  0000.00E+00  0000.00E+00  
740000.E-01  0000.00E+00  0000.00E+00  
750000.E-01  0000.00E+00  0000.00E+00  
760000.E-01  0000.00E+00  0000.00E+00  
770000.E-01  0000.00E+00  0000.00E+00  
780000.E-01  0000.00E+00  0000.00E+00  
790000.E-01  0000.00E+00  0000.00E+00  
800000.E-01  0000.00E+00  0000.00E+00  
810000.E-01  0000.00E+00  0000.00E+00  
820000.E-01  0000.00E+00  0000.00E+00  
830000.E-01  0000.00E+00  0000.00E+00  
840000.E-01  0000.00E+00  0000.00E+00  
850000.E-01  0000.00E+00  0000.00E+00  
860000.E-01  0000.00E+00  0000.00E+00  
870000.E-01  0000.00E+00  0000.00E+00  
880000.E-01  0000.00E+00  0000.00E+00  
890000.E-01  0000.00E+00  0000.00E+00  
900000.E-01  0000.00E+00  0000.00E+00  
910000.E-01  0000.00E+00  0000.00E+00  
920000.E-01  0000.00E+00  0000.00E+00  
930000.E-01  0000.00E+00  0000.00E+00  
940000.E-01  0000.00E+00  0000.00E+00  
950000.E-01  0000.00E+00  0000.00E+00  
960000.E-01  0000.00E+00  0000.00E+00  
970000.E-01  0000.00E+00  0000.00E+00  
980000.E-01  0000.00E+00  0000.00E+00  
990000.E-01  0000.00E+00  0000.00E+00  
100000.E+00  0000.00E+00  0000.00E+00  

 To convert to Energy Lost - multiply by Average Binding Energy =  3  eV/Vacancy
