====== Cu (10) into Layer 1                     =======
        SRIM-2013.00
==========================================
    Ion and Target VACANCY production     
  See SRIM Outputs\TDATA.txt for calc. details
==========================================
--------------------------------------------------------------------
    Recoil/Damage Calculations made with Kinchin-Pease Estimates    
--------------------------------------------------------------------
 See file :  SRIM Outputs\TDATA.txt for calculation data
 Ion    = Cu   Energy = 35000 keV
============= TARGET MATERIAL ======================================
Layer  1 : Layer 1
Layer Width =     7.E+04 A ;
  Layer # 1- Density = 8.453E22 atoms/cm3 = 8.92 g/cm3
  Layer # 1- Cu = 100  Atomic Percent = 100  Mass Percent
====================================================================
 Total Ions calculated =100021.96
 Total Target Vacancies     = 19664 /Ion

==========================================================
  Table Units are  >>>> Vacancies/(Angstrom-Ion)  <<<<  
==========================================================
   TARGET     VACANCIES     VACANCIES 
   DEPTH         by            by     
   (Ang.)       IONS         RECOILS  
-----------  -----------  ------------
700010.E-03  6760.27E-06  6900.65E-05  
140001.E-02  7142.30E-06  7474.36E-05  
210001.E-02  7264.92E-06  7477.83E-05  
280001.E-02  7425.61E-06  7711.93E-05  
350001.E-02  7584.01E-06  7997.76E-05  
420001.E-02  7761.51E-06  8101.14E-05  
490001.E-02  7918.43E-06  8574.99E-05  
560001.E-02  8096.19E-06  8741.99E-05  
630001.E-02  8268.83E-06  9042.31E-05  
700001.E-02  8478.08E-06  9229.91E-05  
770001.E-02  8649.33E-06  9484.18E-05  
840001.E-02  8860.18E-06  9892.10E-05  
910001.E-02  9066.11E-06  1040.41E-04  
980001.E-02  9295.92E-06  1103.76E-04  
105000.E-01  9507.87E-06  1128.76E-04  
112000.E-01  9735.95E-06  1185.82E-04  
119000.E-01  1001.10E-05  1206.94E-04  
126000.E-01  1025.06E-05  1242.05E-04  
133000.E-01  1050.99E-05  1297.98E-04  
140000.E-01  1078.24E-05  1363.26E-04  
147000.E-01  1109.33E-05  1374.27E-04  
154000.E-01  1137.57E-05  1401.77E-04  
161000.E-01  1167.67E-05  1465.17E-04  
168000.E-01  1198.68E-05  1513.17E-04  
175000.E-01  1233.81E-05  1578.76E-04  
182000.E-01  1272.16E-05  1674.36E-04  
189000.E-01  1308.22E-05  1728.88E-04  
196000.E-01  1348.19E-05  1885.68E-04  
203000.E-01  1386.78E-05  1893.13E-04  
210000.E-01  1429.29E-05  1985.67E-04  
217000.E-01  1473.00E-05  2065.84E-04  
224000.E-01  1517.36E-05  2145.80E-04  
231000.E-01  1566.51E-05  2274.03E-04  
238000.E-01  1619.63E-05  2371.10E-04  
245000.E-01  1671.87E-05  2471.48E-04  
252000.E-01  1726.66E-05  2593.33E-04  
259000.E-01  1790.20E-05  2718.35E-04  
266000.E-01  1851.63E-05  2876.20E-04  
273000.E-01  1919.26E-05  3028.49E-04  
280000.E-01  1989.57E-05  3189.75E-04  
287000.E-01  2064.88E-05  3363.19E-04  
294000.E-01  2143.61E-05  3505.93E-04  
301000.E-01  2230.03E-05  3706.19E-04  
308000.E-01  2326.50E-05  3944.34E-04  
315000.E-01  2414.65E-05  4165.81E-04  
322000.E-01  2521.97E-05  4398.47E-04  
329000.E-01  2630.43E-05  4725.69E-04  
336000.E-01  2749.15E-05  5032.76E-04  
343000.E-01  2887.57E-05  5405.20E-04  
350000.E-01  3016.75E-05  5737.11E-04  
357000.E-01  3158.30E-05  6139.55E-04  
364000.E-01  3294.06E-05  6675.25E-04  
371000.E-01  3434.87E-05  7098.06E-04  
378000.E-01  3569.79E-05  7689.85E-04  
385000.E-01  3656.83E-05  8411.26E-04  
392000.E-01  3717.21E-05  9035.78E-04  
399000.E-01  3796.03E-05  9677.98E-04  
406000.E-01  3924.55E-05  1021.52E-03  
413000.E-01  4080.95E-05  1087.13E-03  
420000.E-01  4234.90E-05  1138.44E-03  
427000.E-01  4331.19E-05  1162.63E-03  
434000.E-01  4303.62E-05  1151.76E-03  
441000.E-01  4162.72E-05  1114.53E-03  
448000.E-01  3883.27E-05  1024.15E-03  
455000.E-01  3416.78E-05  8983.47E-04  
462000.E-01  2852.76E-05  7348.51E-04  
469000.E-01  2186.77E-05  5482.24E-04  
476000.E-01  1535.73E-05  3715.25E-04  
483000.E-01  9402.56E-06  2211.28E-04  
490000.E-01  4972.76E-06  1130.38E-04  
497000.E-01  2240.81E-06  4918.31E-05  
504000.E-01  8277.18E-07  1752.83E-05  
511000.E-01  2482.60E-07  4906.62E-06  
518000.E-01  6952.76E-08  1318.98E-06  
525000.E-01  1455.39E-08  2689.06E-07  
532000.E-01  2113.82E-09  5058.88E-08  
539000.E-01  0000.00E+00  0000.00E+00  
546000.E-01  0000.00E+00  0000.00E+00  
553000.E-01  0000.00E+00  0000.00E+00  
560000.E-01  0000.00E+00  0000.00E+00  
567000.E-01  0000.00E+00  0000.00E+00  
574000.E-01  0000.00E+00  0000.00E+00  
581000.E-01  0000.00E+00  0000.00E+00  
588000.E-01  0000.00E+00  0000.00E+00  
595000.E-01  0000.00E+00  0000.00E+00  
602000.E-01  0000.00E+00  0000.00E+00  
609000.E-01  0000.00E+00  0000.00E+00  
616000.E-01  0000.00E+00  0000.00E+00  
623000.E-01  0000.00E+00  0000.00E+00  
630000.E-01  0000.00E+00  0000.00E+00  
637000.E-01  0000.00E+00  0000.00E+00  
644000.E-01  0000.00E+00  0000.00E+00  
651000.E-01  0000.00E+00  0000.00E+00  
658000.E-01  0000.00E+00  0000.00E+00  
665000.E-01  0000.00E+00  0000.00E+00  
672000.E-01  0000.00E+00  0000.00E+00  
679000.E-01  0000.00E+00  0000.00E+00  
686000.E-01  0000.00E+00  0000.00E+00  
693000.E-01  0000.00E+00  0000.00E+00  
700000.E-01  0000.00E+00  0000.00E+00  

 To convert to Energy Lost - multiply by Average Binding Energy =  0  eV/Vacancy
