====== Cu (10) into Layer 1                     =======
        SRIM-2013.00
==========================================
    Ion and Target VACANCY production     
  See SRIM Outputs\TDATA.txt for calc. details
==========================================
--------------------------------------------------------------------
    Recoil/Damage Calculations made with Kinchin-Pease Estimates    
--------------------------------------------------------------------
 See file :  SRIM Outputs\TDATA.txt for calculation data
 Ion    = Cu   Energy = 45000 keV
============= TARGET MATERIAL ======================================
Layer  1 : Layer 1
Layer Width =     8.E+04 A ;
  Layer # 1- Density = 8.453E22 atoms/cm3 = 8.92 g/cm3
  Layer # 1- Cu = 100  Atomic Percent = 100  Mass Percent
====================================================================
 Total Ions calculated =35964.00
 Total Target Vacancies     = 20063 /Ion

==========================================================
  Table Units are  >>>> Vacancies/(Angstrom-Ion)  <<<<  
==========================================================
   TARGET     VACANCIES     VACANCIES 
   DEPTH         by            by     
   (Ang.)       IONS         RECOILS  
-----------  -----------  ------------
800010.E-03  5807.61E-06  5893.59E-05  
160001.E-02  6111.60E-06  5772.76E-05  
240001.E-02  6241.00E-06  5681.55E-05  
320001.E-02  6353.92E-06  5916.05E-05  
400001.E-02  6518.01E-06  6343.27E-05  
480001.E-02  6661.59E-06  6323.80E-05  
560001.E-02  6784.01E-06  6768.07E-05  
640001.E-02  6940.52E-06  6863.66E-05  
720001.E-02  7115.24E-06  7579.70E-05  
800001.E-02  7257.36E-06  7605.40E-05  
880001.E-02  7416.31E-06  7906.34E-05  
960001.E-02  7600.83E-06  8189.07E-05  
104000.E-01  7780.80E-06  8488.79E-05  
112000.E-01  7987.15E-06  8166.34E-05  
120000.E-01  8191.42E-06  8980.80E-05  
128000.E-01  8400.52E-06  9254.41E-05  
136000.E-01  8619.17E-06  9352.64E-05  
144000.E-01  8835.43E-06  9975.58E-05  
152000.E-01  9085.34E-06  1031.11E-04  
160000.E-01  9317.51E-06  1096.15E-04  
168000.E-01  9571.97E-06  1146.29E-04  
176000.E-01  9881.90E-06  1213.96E-04  
184000.E-01  1019.51E-05  1196.11E-04  
192000.E-01  1046.25E-05  1272.03E-04  
200000.E-01  1078.45E-05  1315.05E-04  
208000.E-01  1112.09E-05  1436.27E-04  
216000.E-01  1144.78E-05  1476.83E-04  
224000.E-01  1184.37E-05  1528.96E-04  
232000.E-01  1217.58E-05  1500.76E-04  
240000.E-01  1255.58E-05  1640.39E-04  
248000.E-01  1298.22E-05  1751.08E-04  
256000.E-01  1343.94E-05  1802.83E-04  
264000.E-01  1389.75E-05  1873.81E-04  
272000.E-01  1439.61E-05  1982.99E-04  
280000.E-01  1492.54E-05  2154.79E-04  
288000.E-01  1548.39E-05  2288.16E-04  
296000.E-01  1600.42E-05  2325.59E-04  
304000.E-01  1658.39E-05  2479.36E-04  
312000.E-01  1723.42E-05  2520.40E-04  
320000.E-01  1792.08E-05  2718.75E-04  
328000.E-01  1866.85E-05  2871.09E-04  
336000.E-01  1945.02E-05  3107.10E-04  
344000.E-01  2027.07E-05  3185.52E-04  
352000.E-01  2116.38E-05  3458.03E-04  
360000.E-01  2221.20E-05  3656.99E-04  
368000.E-01  2321.66E-05  3980.29E-04  
376000.E-01  2432.12E-05  4230.98E-04  
384000.E-01  2545.98E-05  4499.26E-04  
392000.E-01  2678.06E-05  4855.99E-04  
400000.E-01  2810.32E-05  5212.91E-04  
408000.E-01  2966.22E-05  5593.14E-04  
416000.E-01  3139.46E-05  6022.57E-04  
424000.E-01  3282.40E-05  6596.18E-04  
432000.E-01  3443.33E-05  7152.10E-04  
440000.E-01  3584.31E-05  7876.97E-04  
448000.E-01  3675.20E-05  8557.65E-04  
456000.E-01  3752.88E-05  9328.11E-04  
464000.E-01  3865.40E-05  9902.39E-04  
472000.E-01  4053.43E-05  1069.55E-03  
480000.E-01  4224.94E-05  1128.16E-03  
488000.E-01  4274.63E-05  1156.36E-03  
496000.E-01  4280.92E-05  1145.70E-03  
504000.E-01  4057.80E-05  1078.53E-03  
512000.E-01  3648.21E-05  9649.92E-04  
520000.E-01  3082.01E-05  7984.65E-04  
528000.E-01  2330.76E-05  5905.36E-04  
536000.E-01  1598.89E-05  3926.55E-04  
544000.E-01  9298.01E-06  2209.74E-04  
552000.E-01  4489.80E-06  1014.99E-04  
560000.E-01  1578.52E-06  3502.24E-05  
568000.E-01  4490.25E-07  9784.45E-06  
576000.E-01  8710.10E-08  1777.49E-06  
584000.E-01  1233.87E-08  3024.61E-07  
592000.E-01  0000.00E+00  0000.00E+00  
600000.E-01  0000.00E+00  0000.00E+00  
608000.E-01  0000.00E+00  0000.00E+00  
616000.E-01  0000.00E+00  0000.00E+00  
624000.E-01  0000.00E+00  0000.00E+00  
632000.E-01  0000.00E+00  0000.00E+00  
640000.E-01  0000.00E+00  0000.00E+00  
648000.E-01  0000.00E+00  0000.00E+00  
656000.E-01  0000.00E+00  0000.00E+00  
664000.E-01  0000.00E+00  0000.00E+00  
672000.E-01  0000.00E+00  0000.00E+00  
680000.E-01  0000.00E+00  0000.00E+00  
688000.E-01  0000.00E+00  0000.00E+00  
696000.E-01  0000.00E+00  0000.00E+00  
704000.E-01  0000.00E+00  0000.00E+00  
712000.E-01  0000.00E+00  0000.00E+00  
720000.E-01  0000.00E+00  0000.00E+00  
728000.E-01  0000.00E+00  0000.00E+00  
736000.E-01  0000.00E+00  0000.00E+00  
744000.E-01  0000.00E+00  0000.00E+00  
752000.E-01  0000.00E+00  0000.00E+00  
760000.E-01  0000.00E+00  0000.00E+00  
768000.E-01  0000.00E+00  0000.00E+00  
776000.E-01  0000.00E+00  0000.00E+00  
784000.E-01  0000.00E+00  0000.00E+00  
792000.E-01  0000.00E+00  0000.00E+00  
800000.E-01  0000.00E+00  0000.00E+00  

 To convert to Energy Lost - multiply by Average Binding Energy =  0  eV/Vacancy
