====== Cu (15000) into Layer 1                  =======
        SRIM-2013.00
==========================================
    Ion and Target VACANCY production     
  See SRIM Outputs\TDATA.txt for calc. details
==========================================
--------------------------------------------------------------------
    Recoil/Damage Calculations made with Kinchin-Pease Estimates    
--------------------------------------------------------------------
 See file :  SRIM Outputs\TDATA.txt for calculation data
 Ion    = Cu   Energy = 20000 keV
============= TARGET MATERIAL ======================================
Layer  1 : Layer 1
Layer Width =     7.E+04 A ;
  Layer # 1- Density = 8.453E22 atoms/cm3 = 8.92 g/cm3
  Layer # 1- Cu = 100  Atomic Percent = 100  Mass Percent
====================================================================
 Total Ions calculated =34122.95
 Total Target Vacancies     = 18596 /Ion

==========================================================
  Table Units are  >>>> Vacancies/(Angstrom-Ion)  <<<<  
==========================================================
   TARGET     VACANCIES     VACANCIES 
   DEPTH         by            by     
   (Ang.)       IONS         RECOILS  
-----------  -----------  ------------
700010.E-03  9563.82E-06  1130.39E-04  
140001.E-02  1010.58E-05  1150.77E-04  
210001.E-02  1038.46E-05  1292.08E-04  
280001.E-02  1061.82E-05  1265.00E-04  
350001.E-02  1089.82E-05  1382.41E-04  
420001.E-02  1119.84E-05  1370.60E-04  
490001.E-02  1151.09E-05  1464.42E-04  
560001.E-02  1180.86E-05  1467.87E-04  
630001.E-02  1217.74E-05  1626.73E-04  
700001.E-02  1249.13E-05  1666.62E-04  
770001.E-02  1283.90E-05  1737.29E-04  
840001.E-02  1324.06E-05  1768.86E-04  
910001.E-02  1368.76E-05  1878.82E-04  
980001.E-02  1402.79E-05  1897.99E-04  
105000.E-01  1444.55E-05  1899.49E-04  
112000.E-01  1492.05E-05  2183.34E-04  
119000.E-01  1541.22E-05  2211.80E-04  
126000.E-01  1587.03E-05  2315.93E-04  
133000.E-01  1643.54E-05  2432.57E-04  
140000.E-01  1701.29E-05  2553.89E-04  
147000.E-01  1754.33E-05  2648.74E-04  
154000.E-01  1818.24E-05  2752.06E-04  
161000.E-01  1885.98E-05  3048.64E-04  
168000.E-01  1953.37E-05  3099.68E-04  
175000.E-01  2021.42E-05  3269.67E-04  
182000.E-01  2096.45E-05  3384.59E-04  
189000.E-01  2183.45E-05  3684.42E-04  
196000.E-01  2261.44E-05  3683.35E-04  
203000.E-01  2358.19E-05  4015.20E-04  
210000.E-01  2468.87E-05  4394.56E-04  
217000.E-01  2570.88E-05  4572.25E-04  
224000.E-01  2693.36E-05  4869.70E-04  
231000.E-01  2825.36E-05  5264.40E-04  
238000.E-01  2953.56E-05  5487.12E-04  
245000.E-01  3087.13E-05  5783.33E-04  
252000.E-01  3249.33E-05  6450.32E-04  
259000.E-01  3391.22E-05  6963.42E-04  
266000.E-01  3502.34E-05  7458.01E-04  
273000.E-01  3615.77E-05  8024.38E-04  
280000.E-01  3686.84E-05  8604.29E-04  
287000.E-01  3738.14E-05  9311.42E-04  
294000.E-01  3839.71E-05  9943.01E-04  
301000.E-01  4040.26E-05  1073.58E-03  
308000.E-01  4198.90E-05  1119.64E-03  
315000.E-01  4298.63E-05  1152.89E-03  
322000.E-01  4402.96E-05  1199.78E-03  
329000.E-01  4289.15E-05  1153.23E-03  
336000.E-01  4079.38E-05  1083.89E-03  
343000.E-01  3704.73E-05  9620.23E-04  
350000.E-01  3144.92E-05  8181.25E-04  
357000.E-01  2504.87E-05  6414.57E-04  
364000.E-01  1803.34E-05  4449.82E-04  
371000.E-01  1167.92E-05  2815.94E-04  
378000.E-01  6418.26E-06  1472.82E-04  
385000.E-01  3021.39E-06  6761.49E-05  
392000.E-01  1096.08E-06  2400.89E-05  
399000.E-01  3353.84E-07  7140.46E-06  
406000.E-01  8758.24E-08  1638.64E-06  
413000.E-01  2151.88E-08  3322.56E-07  
420000.E-01  1883.94E-09  7133.60E-08  
427000.E-01  0000.00E+00  0000.00E+00  
434000.E-01  0000.00E+00  0000.00E+00  
441000.E-01  0000.00E+00  0000.00E+00  
448000.E-01  0000.00E+00  0000.00E+00  
455000.E-01  0000.00E+00  0000.00E+00  
462000.E-01  0000.00E+00  0000.00E+00  
469000.E-01  0000.00E+00  0000.00E+00  
476000.E-01  0000.00E+00  0000.00E+00  
483000.E-01  0000.00E+00  0000.00E+00  
490000.E-01  0000.00E+00  0000.00E+00  
497000.E-01  0000.00E+00  0000.00E+00  
504000.E-01  0000.00E+00  0000.00E+00  
511000.E-01  0000.00E+00  0000.00E+00  
518000.E-01  0000.00E+00  0000.00E+00  
525000.E-01  0000.00E+00  0000.00E+00  
532000.E-01  0000.00E+00  0000.00E+00  
539000.E-01  0000.00E+00  0000.00E+00  
546000.E-01  0000.00E+00  0000.00E+00  
553000.E-01  0000.00E+00  0000.00E+00  
560000.E-01  0000.00E+00  0000.00E+00  
567000.E-01  0000.00E+00  0000.00E+00  
574000.E-01  0000.00E+00  0000.00E+00  
581000.E-01  0000.00E+00  0000.00E+00  
588000.E-01  0000.00E+00  0000.00E+00  
595000.E-01  0000.00E+00  0000.00E+00  
602000.E-01  0000.00E+00  0000.00E+00  
609000.E-01  0000.00E+00  0000.00E+00  
616000.E-01  0000.00E+00  0000.00E+00  
623000.E-01  0000.00E+00  0000.00E+00  
630000.E-01  0000.00E+00  0000.00E+00  
637000.E-01  0000.00E+00  0000.00E+00  
644000.E-01  0000.00E+00  0000.00E+00  
651000.E-01  0000.00E+00  0000.00E+00  
658000.E-01  0000.00E+00  0000.00E+00  
665000.E-01  0000.00E+00  0000.00E+00  
672000.E-01  0000.00E+00  0000.00E+00  
679000.E-01  0000.00E+00  0000.00E+00  
686000.E-01  0000.00E+00  0000.00E+00  
693000.E-01  0000.00E+00  0000.00E+00  
700000.E-01  0000.00E+00  0000.00E+00  

 To convert to Energy Lost - multiply by Average Binding Energy =  0  eV/Vacancy
