====== Cu (10) into Layer 1                     =======
        SRIM-2013.00
==========================================
    Ion and Target VACANCY production     
  See SRIM Outputs\TDATA.txt for calc. details
==========================================
--------------------------------------------------------------------
    Recoil/Damage Calculations made with Kinchin-Pease Estimates    
--------------------------------------------------------------------
 See file :  SRIM Outputs\TDATA.txt for calculation data
 Ion    = Cu   Energy = 30000 keV
============= TARGET MATERIAL ======================================
Layer  1 : Layer 1
Layer Width =     7.E+04 A ;
  Layer # 1- Density = 8.453E22 atoms/cm3 = 8.92 g/cm3
  Layer # 1- Cu = 100  Atomic Percent = 100  Mass Percent
====================================================================
 Total Ions calculated =19279.77
 Total Target Vacancies     = 19396 /Ion

==========================================================
  Table Units are  >>>> Vacancies/(Angstrom-Ion)  <<<<  
==========================================================
   TARGET     VACANCIES     VACANCIES 
   DEPTH         by            by     
   (Ang.)       IONS         RECOILS  
-----------  -----------  ------------
700010.E-03  7464.23E-06  8098.95E-05  
140001.E-02  7863.83E-06  7710.01E-05  
210001.E-02  8046.04E-06  8559.74E-05  
280001.E-02  8223.65E-06  9234.50E-05  
350001.E-02  8413.48E-06  9212.66E-05  
420001.E-02  8621.18E-06  1053.38E-04  
490001.E-02  8798.20E-06  9682.12E-05  
560001.E-02  8994.63E-06  9767.78E-05  
630001.E-02  9217.29E-06  1000.08E-04  
700001.E-02  9488.11E-06  1040.51E-04  
770001.E-02  9658.53E-06  1201.34E-04  
840001.E-02  9914.54E-06  1190.08E-04  
910001.E-02  1014.19E-05  1162.91E-04  
980001.E-02  1046.78E-05  1236.82E-04  
105000.E-01  1071.11E-05  1271.33E-04  
112000.E-01  1095.73E-05  1319.76E-04  
119000.E-01  1131.52E-05  1404.45E-04  
126000.E-01  1155.72E-05  1433.15E-04  
133000.E-01  1189.57E-05  1469.63E-04  
140000.E-01  1222.44E-05  1500.32E-04  
147000.E-01  1258.79E-05  1636.87E-04  
154000.E-01  1298.86E-05  1762.93E-04  
161000.E-01  1331.94E-05  1775.63E-04  
168000.E-01  1373.06E-05  1899.32E-04  
175000.E-01  1417.62E-05  1991.75E-04  
182000.E-01  1461.28E-05  1999.97E-04  
189000.E-01  1500.74E-05  2102.45E-04  
196000.E-01  1550.99E-05  2277.10E-04  
203000.E-01  1602.84E-05  2429.90E-04  
210000.E-01  1653.42E-05  2361.75E-04  
217000.E-01  1707.27E-05  2530.80E-04  
224000.E-01  1768.72E-05  2705.08E-04  
231000.E-01  1835.35E-05  2956.77E-04  
238000.E-01  1900.90E-05  3022.95E-04  
245000.E-01  1957.77E-05  3072.47E-04  
252000.E-01  2033.72E-05  3274.69E-04  
259000.E-01  2113.36E-05  3396.14E-04  
266000.E-01  2197.42E-05  3755.63E-04  
273000.E-01  2289.32E-05  3881.80E-04  
280000.E-01  2379.33E-05  4047.90E-04  
287000.E-01  2497.99E-05  4531.70E-04  
294000.E-01  2594.79E-05  4595.89E-04  
301000.E-01  2706.04E-05  4958.08E-04  
308000.E-01  2847.02E-05  5250.36E-04  
315000.E-01  2991.53E-05  5745.37E-04  
322000.E-01  3133.93E-05  6119.13E-04  
329000.E-01  3262.05E-05  6528.05E-04  
336000.E-01  3396.97E-05  6950.42E-04  
343000.E-01  3525.45E-05  7545.44E-04  
350000.E-01  3668.00E-05  8442.96E-04  
357000.E-01  3723.57E-05  8799.61E-04  
364000.E-01  3761.86E-05  9496.94E-04  
371000.E-01  3901.21E-05  1019.22E-03  
378000.E-01  4033.99E-05  1058.40E-03  
385000.E-01  4230.88E-05  1140.27E-03  
392000.E-01  4262.05E-05  1132.55E-03  
399000.E-01  4340.32E-05  1179.24E-03  
406000.E-01  4214.31E-05  1127.41E-03  
413000.E-01  3940.70E-05  1039.48E-03  
420000.E-01  3570.86E-05  9401.62E-04  
427000.E-01  3050.15E-05  7713.07E-04  
434000.E-01  2385.80E-05  5963.58E-04  
441000.E-01  1711.28E-05  4264.42E-04  
448000.E-01  1092.20E-05  2594.08E-04  
455000.E-01  6212.36E-06  1438.77E-04  
462000.E-01  2977.29E-06  6851.15E-05  
469000.E-01  1058.62E-06  2319.81E-05  
476000.E-01  3001.67E-07  5793.89E-06  
483000.E-01  4786.66E-08  7942.85E-07  
490000.E-01  2052.48E-08  3277.82E-07  
497000.E-01  3630.75E-09  4109.90E-08  
504000.E-01  3482.56E-09  1226.15E-07  
511000.E-01  0000.00E+00  0000.00E+00  
518000.E-01  0000.00E+00  0000.00E+00  
525000.E-01  0000.00E+00  0000.00E+00  
532000.E-01  0000.00E+00  0000.00E+00  
539000.E-01  0000.00E+00  0000.00E+00  
546000.E-01  0000.00E+00  0000.00E+00  
553000.E-01  0000.00E+00  0000.00E+00  
560000.E-01  0000.00E+00  0000.00E+00  
567000.E-01  0000.00E+00  0000.00E+00  
574000.E-01  0000.00E+00  0000.00E+00  
581000.E-01  0000.00E+00  0000.00E+00  
588000.E-01  0000.00E+00  0000.00E+00  
595000.E-01  0000.00E+00  0000.00E+00  
602000.E-01  0000.00E+00  0000.00E+00  
609000.E-01  0000.00E+00  0000.00E+00  
616000.E-01  0000.00E+00  0000.00E+00  
623000.E-01  0000.00E+00  0000.00E+00  
630000.E-01  0000.00E+00  0000.00E+00  
637000.E-01  0000.00E+00  0000.00E+00  
644000.E-01  0000.00E+00  0000.00E+00  
651000.E-01  0000.00E+00  0000.00E+00  
658000.E-01  0000.00E+00  0000.00E+00  
665000.E-01  0000.00E+00  0000.00E+00  
672000.E-01  0000.00E+00  0000.00E+00  
679000.E-01  0000.00E+00  0000.00E+00  
686000.E-01  0000.00E+00  0000.00E+00  
693000.E-01  0000.00E+00  0000.00E+00  
700000.E-01  0000.00E+00  0000.00E+00  

 To convert to Energy Lost - multiply by Average Binding Energy =  0  eV/Vacancy
