====== Ni (35000) into Layer 1                  =======
        SRIM-2013.00
=======================================
    Energy transferred to RECOILS      
 See SRIM Outputs\TDATA.txt for calc. details 
=======================================
--------------------------------------------------------------------
    Recoil/Damage Calculations made with Kinchin-Pease Estimates    
--------------------------------------------------------------------
 See file: SRIM Outputs\TDATA.txt for data about the calculation
 Ion    = Ni   Energy = 15000 keV
============= TARGET MATERIAL ======================================
Layer  1 : Layer 1
Layer Width = 70000.E+00 AAA ;
  Layer # 1- Density = 9.127E22 atoms/cm3 = 8.895 g/cm3
  Layer # 1- Ni = 100  Atomic Percent = 100  Mass Percent
====================================================================
 Total Ions calculated =99999.00
===========================================================
  Table Energy Units are  >>>>  eV /(Angstrom-Ion)  <<<<  
===========================================================
   DEPTH       ENERGY       ENERGY    
   DEPTH        from        Absorbed  
   (Ang.)       IONS        by Recoils
----------   ------------  -----------
700010.E-03  2010.67E-02  2013.54E-02
140001.E-02  2182.75E-02  2185.79E-02
210001.E-02  2332.31E-02  2335.44E-02
280001.E-02  2444.47E-02  2447.71E-02
350001.E-02  2660.21E-02  2663.55E-02
420001.E-02  2653.51E-02  2656.96E-02
490001.E-02  2602.71E-02  2606.28E-02
560001.E-02  2740.37E-02  2744.06E-02
630001.E-02  2973.37E-02  2977.18E-02
700001.E-02  3124.17E-02  3128.11E-02
770001.E-02  3228.53E-02  3232.60E-02
840001.E-02  3237.63E-02  3241.85E-02
910001.E-02  3525.98E-02  3530.32E-02
980001.E-02  3696.74E-02  3701.24E-02
105000.E-01  3754.22E-02  3758.87E-02
112000.E-01  4033.06E-02  4037.87E-02
119000.E-01  4081.18E-02  4086.14E-02
126000.E-01  4280.31E-02  4285.44E-02
133000.E-01  4519.63E-02  4524.95E-02
140000.E-01  4779.94E-02  4785.45E-02
147000.E-01  4926.88E-02  4932.58E-02
154000.E-01  5189.34E-02  5195.25E-02
161000.E-01  5438.99E-02  5445.12E-02
168000.E-01  5693.24E-02  5699.59E-02
175000.E-01  5825.88E-02  5832.46E-02
182000.E-01  6121.92E-02  6128.74E-02
189000.E-01  6474.69E-02  6481.80E-02
196000.E-01  6855.57E-02  6862.96E-02
203000.E-01  7038.90E-02  7046.57E-02
210000.E-01  7494.31E-02  7502.30E-02
217000.E-01  7959.50E-02  7967.87E-02
224000.E-01  8396.89E-02  8405.59E-02
231000.E-01  8889.96E-02  8899.05E-02
238000.E-01  9330.14E-02  9339.57E-02
245000.E-01  9839.16E-02  9848.91E-02
252000.E-01  1041.85E-01  1042.85E-01
259000.E-01  1102.23E-01  1103.26E-01
266000.E-01  1177.05E-01  1178.10E-01
273000.E-01  1218.34E-01  1219.41E-01
280000.E-01  1261.47E-01  1262.58E-01
287000.E-01  1282.82E-01  1283.95E-01
294000.E-01  1287.61E-01  1288.74E-01
301000.E-01  1250.12E-01  1251.23E-01
308000.E-01  1171.80E-01  1172.86E-01
315000.E-01  1054.87E-01  1055.84E-01
322000.E-01  9048.25E-02  9056.79E-02
329000.E-01  7244.48E-02  7251.52E-02
336000.E-01  5328.56E-02  5333.91E-02
343000.E-01  3531.68E-02  3535.32E-02
350000.E-01  2063.69E-02  2065.90E-02
357000.E-01  1036.77E-02  1037.92E-02
364000.E-01  4165.42E-03  4170.29E-03
371000.E-01  1359.47E-03  1361.13E-03
378000.E-01  3552.07E-04  3556.84E-04
385000.E-01  8633.46E-05  8645.28E-05
392000.E-01  1351.53E-05  1353.28E-05
399000.E-01  1796.43E-06  1799.26E-06
406000.E-01  0000.00E+00  0000.00E+00
413000.E-01  0000.00E+00  0000.00E+00
420000.E-01  0000.00E+00  0000.00E+00
427000.E-01  0000.00E+00  0000.00E+00
434000.E-01  0000.00E+00  0000.00E+00
441000.E-01  0000.00E+00  0000.00E+00
448000.E-01  0000.00E+00  0000.00E+00
455000.E-01  0000.00E+00  0000.00E+00
462000.E-01  0000.00E+00  0000.00E+00
469000.E-01  0000.00E+00  0000.00E+00
476000.E-01  0000.00E+00  0000.00E+00
483000.E-01  0000.00E+00  0000.00E+00
490000.E-01  0000.00E+00  0000.00E+00
497000.E-01  0000.00E+00  0000.00E+00
504000.E-01  0000.00E+00  0000.00E+00
511000.E-01  0000.00E+00  0000.00E+00
518000.E-01  0000.00E+00  0000.00E+00
525000.E-01  0000.00E+00  0000.00E+00
532000.E-01  0000.00E+00  0000.00E+00
539000.E-01  0000.00E+00  0000.00E+00
546000.E-01  0000.00E+00  0000.00E+00
553000.E-01  0000.00E+00  0000.00E+00
560000.E-01  0000.00E+00  0000.00E+00
567000.E-01  0000.00E+00  0000.00E+00
574000.E-01  0000.00E+00  0000.00E+00
581000.E-01  0000.00E+00  0000.00E+00
588000.E-01  0000.00E+00  0000.00E+00
595000.E-01  0000.00E+00  0000.00E+00
602000.E-01  0000.00E+00  0000.00E+00
609000.E-01  0000.00E+00  0000.00E+00
616000.E-01  0000.00E+00  0000.00E+00
623000.E-01  0000.00E+00  0000.00E+00
630000.E-01  0000.00E+00  0000.00E+00
637000.E-01  0000.00E+00  0000.00E+00
644000.E-01  0000.00E+00  0000.00E+00
651000.E-01  0000.00E+00  0000.00E+00
658000.E-01  0000.00E+00  0000.00E+00
665000.E-01  0000.00E+00  0000.00E+00
672000.E-01  0000.00E+00  0000.00E+00
679000.E-01  0000.00E+00  0000.00E+00
686000.E-01  0000.00E+00  0000.00E+00
693000.E-01  0000.00E+00  0000.00E+00
700000.E-01  0000.00E+00  0000.00E+00
