====== Ni (35000) into Layer 1                  =======
        SRIM-2013.00
==========================================
    Ion and Target VACANCY production     
  See SRIM Outputs\TDATA.txt for calc. details
==========================================
--------------------------------------------------------------------
    Recoil/Damage Calculations made with Kinchin-Pease Estimates    
--------------------------------------------------------------------
 See file :  SRIM Outputs\TDATA.txt for calculation data
 Ion    = Ni   Energy = 15000 keV
============= TARGET MATERIAL ======================================
Layer  1 : Layer 1
Layer Width =     7.E+04 A ;
  Layer # 1- Density = 9.127E22 atoms/cm3 = 8.895 g/cm3
  Layer # 1- Ni = 100  Atomic Percent = 100  Mass Percent
====================================================================
 Total Ions calculated =99999.00
 Total Target Vacancies     = 13617 /Ion

==========================================================
  Table Units are  >>>> Vacancies/(Angstrom-Ion)  <<<<  
==========================================================
   TARGET     VACANCIES     VACANCIES 
   DEPTH         by            by     
   (Ang.)       IONS         RECOILS  
-----------  -----------  ------------
700010.E-03  9566.71E-06  9863.54E-05  
140001.E-02  1011.23E-05  1073.41E-04  
210001.E-02  1042.43E-05  1119.46E-04  
280001.E-02  1078.80E-05  1191.16E-04  
350001.E-02  1114.79E-05  1261.96E-04  
420001.E-02  1151.61E-05  1308.47E-04  
490001.E-02  1189.92E-05  1334.82E-04  
560001.E-02  1229.60E-05  1402.20E-04  
630001.E-02  1271.61E-05  1508.54E-04  
700001.E-02  1313.15E-05  1586.85E-04  
770001.E-02  1358.32E-05  1641.17E-04  
840001.E-02  1404.71E-05  1687.86E-04  
910001.E-02  1448.26E-05  1814.29E-04  
980001.E-02  1499.59E-05  1890.68E-04  
105000.E-01  1549.27E-05  1957.67E-04  
112000.E-01  1602.14E-05  2075.49E-04  
119000.E-01  1655.23E-05  2151.93E-04  
126000.E-01  1709.46E-05  2272.91E-04  
133000.E-01  1771.62E-05  2376.31E-04  
140000.E-01  1836.02E-05  2513.89E-04  
147000.E-01  1899.14E-05  2622.49E-04  
154000.E-01  1970.06E-05  2763.60E-04  
161000.E-01  2041.74E-05  2910.84E-04  
168000.E-01  2114.91E-05  3075.76E-04  
175000.E-01  2190.88E-05  3183.48E-04  
182000.E-01  2272.54E-05  3353.10E-04  
189000.E-01  2370.49E-05  3551.13E-04  
196000.E-01  2462.44E-05  3771.99E-04  
203000.E-01  2556.64E-05  3948.03E-04  
210000.E-01  2665.31E-05  4185.64E-04  
217000.E-01  2788.55E-05  4472.04E-04  
224000.E-01  2900.20E-05  4759.71E-04  
231000.E-01  3028.94E-05  5078.40E-04  
238000.E-01  3144.10E-05  5375.08E-04  
245000.E-01  3250.83E-05  5725.42E-04  
252000.E-01  3342.71E-05  6124.21E-04  
259000.E-01  3425.60E-05  6529.37E-04  
266000.E-01  3507.92E-05  7022.96E-04  
273000.E-01  3591.60E-05  7383.62E-04  
280000.E-01  3676.87E-05  7685.17E-04  
287000.E-01  3753.76E-05  7909.66E-04  
294000.E-01  3774.78E-05  8015.02E-04  
301000.E-01  3725.62E-05  7856.13E-04  
308000.E-01  3534.61E-05  7432.07E-04  
315000.E-01  3243.31E-05  6750.47E-04  
322000.E-01  2849.32E-05  5843.37E-04  
329000.E-01  2347.30E-05  4730.99E-04  
336000.E-01  1781.15E-05  3503.69E-04  
343000.E-01  1216.49E-05  2340.22E-04  
350000.E-01  7355.54E-06  1375.54E-04  
357000.E-01  3845.02E-06  6967.90E-05  
364000.E-01  1623.99E-06  2819.65E-05  
371000.E-01  5523.48E-07  9225.59E-06  
378000.E-01  1592.87E-07  2436.20E-06  
385000.E-01  3940.04E-08  5963.58E-07  
392000.E-01  5842.92E-09  9384.93E-08  
399000.E-01  9428.67E-10  1228.08E-08  
406000.E-01  0000.00E+00  0000.00E+00  
413000.E-01  0000.00E+00  0000.00E+00  
420000.E-01  0000.00E+00  0000.00E+00  
427000.E-01  0000.00E+00  0000.00E+00  
434000.E-01  0000.00E+00  0000.00E+00  
441000.E-01  0000.00E+00  0000.00E+00  
448000.E-01  0000.00E+00  0000.00E+00  
455000.E-01  0000.00E+00  0000.00E+00  
462000.E-01  0000.00E+00  0000.00E+00  
469000.E-01  0000.00E+00  0000.00E+00  
476000.E-01  0000.00E+00  0000.00E+00  
483000.E-01  0000.00E+00  0000.00E+00  
490000.E-01  0000.00E+00  0000.00E+00  
497000.E-01  0000.00E+00  0000.00E+00  
504000.E-01  0000.00E+00  0000.00E+00  
511000.E-01  0000.00E+00  0000.00E+00  
518000.E-01  0000.00E+00  0000.00E+00  
525000.E-01  0000.00E+00  0000.00E+00  
532000.E-01  0000.00E+00  0000.00E+00  
539000.E-01  0000.00E+00  0000.00E+00  
546000.E-01  0000.00E+00  0000.00E+00  
553000.E-01  0000.00E+00  0000.00E+00  
560000.E-01  0000.00E+00  0000.00E+00  
567000.E-01  0000.00E+00  0000.00E+00  
574000.E-01  0000.00E+00  0000.00E+00  
581000.E-01  0000.00E+00  0000.00E+00  
588000.E-01  0000.00E+00  0000.00E+00  
595000.E-01  0000.00E+00  0000.00E+00  
602000.E-01  0000.00E+00  0000.00E+00  
609000.E-01  0000.00E+00  0000.00E+00  
616000.E-01  0000.00E+00  0000.00E+00  
623000.E-01  0000.00E+00  0000.00E+00  
630000.E-01  0000.00E+00  0000.00E+00  
637000.E-01  0000.00E+00  0000.00E+00  
644000.E-01  0000.00E+00  0000.00E+00  
651000.E-01  0000.00E+00  0000.00E+00  
658000.E-01  0000.00E+00  0000.00E+00  
665000.E-01  0000.00E+00  0000.00E+00  
672000.E-01  0000.00E+00  0000.00E+00  
679000.E-01  0000.00E+00  0000.00E+00  
686000.E-01  0000.00E+00  0000.00E+00  
693000.E-01  0000.00E+00  0000.00E+00  
700000.E-01  0000.00E+00  0000.00E+00  

 To convert to Energy Lost - multiply by Average Binding Energy =  3  eV/Vacancy
