====== Ni (35000) into Layer 1                  =======
        SRIM-2013.00
==========================================
    Ion and Target VACANCY production     
  See SRIM Outputs\TDATA.txt for calc. details
==========================================
--------------------------------------------------------------------
    Recoil/Damage Calculations made with Kinchin-Pease Estimates    
--------------------------------------------------------------------
 See file :  SRIM Outputs\TDATA.txt for calculation data
 Ion    = Ni   Energy = 20000 keV
============= TARGET MATERIAL ======================================
Layer  1 : Layer 1
Layer Width =     7.E+04 A ;
  Layer # 1- Density = 9.127E22 atoms/cm3 = 8.895 g/cm3
  Layer # 1- Ni = 100  Atomic Percent = 100  Mass Percent
====================================================================
 Total Ions calculated =99999.00
 Total Target Vacancies     = 14019 /Ion

==========================================================
  Table Units are  >>>> Vacancies/(Angstrom-Ion)  <<<<  
==========================================================
   TARGET     VACANCIES     VACANCIES 
   DEPTH         by            by     
   (Ang.)       IONS         RECOILS  
-----------  -----------  ------------
700010.E-03  8020.27E-06  7658.78E-05  
140001.E-02  8475.24E-06  8291.66E-05  
210001.E-02  8738.73E-06  8517.88E-05  
280001.E-02  8979.63E-06  8848.32E-05  
350001.E-02  9271.65E-06  9701.07E-05  
420001.E-02  9551.12E-06  1007.45E-04  
490001.E-02  9850.34E-06  1048.07E-04  
560001.E-02  1018.64E-05  1068.92E-04  
630001.E-02  1051.84E-05  1173.58E-04  
700001.E-02  1086.21E-05  1204.44E-04  
770001.E-02  1121.06E-05  1296.50E-04  
840001.E-02  1159.30E-05  1281.79E-04  
910001.E-02  1198.24E-05  1369.42E-04  
980001.E-02  1237.44E-05  1447.35E-04  
105000.E-01  1279.37E-05  1486.79E-04  
112000.E-01  1320.02E-05  1567.23E-04  
119000.E-01  1362.23E-05  1661.79E-04  
126000.E-01  1411.97E-05  1746.12E-04  
133000.E-01  1459.56E-05  1809.16E-04  
140000.E-01  1509.41E-05  1921.25E-04  
147000.E-01  1558.39E-05  2003.11E-04  
154000.E-01  1614.53E-05  2062.86E-04  
161000.E-01  1670.71E-05  2199.73E-04  
168000.E-01  1728.00E-05  2278.37E-04  
175000.E-01  1786.95E-05  2440.31E-04  
182000.E-01  1847.58E-05  2487.40E-04  
189000.E-01  1914.59E-05  2667.98E-04  
196000.E-01  1983.78E-05  2783.67E-04  
203000.E-01  2056.82E-05  2909.50E-04  
210000.E-01  2134.99E-05  3076.65E-04  
217000.E-01  2208.63E-05  3218.21E-04  
224000.E-01  2292.52E-05  3411.08E-04  
231000.E-01  2388.43E-05  3559.71E-04  
238000.E-01  2481.45E-05  3820.68E-04  
245000.E-01  2584.75E-05  4032.03E-04  
252000.E-01  2689.08E-05  4248.33E-04  
259000.E-01  2802.85E-05  4499.45E-04  
266000.E-01  2921.57E-05  4806.50E-04  
273000.E-01  3034.19E-05  5066.03E-04  
280000.E-01  3145.45E-05  5447.03E-04  
287000.E-01  3256.31E-05  5770.73E-04  
294000.E-01  3360.61E-05  6170.94E-04  
301000.E-01  3434.32E-05  6614.52E-04  
308000.E-01  3506.16E-05  6969.28E-04  
315000.E-01  3589.63E-05  7372.63E-04  
322000.E-01  3679.94E-05  7726.63E-04  
329000.E-01  3720.87E-05  7854.53E-04  
336000.E-01  3749.10E-05  7925.87E-04  
343000.E-01  3662.31E-05  7732.83E-04  
350000.E-01  3491.67E-05  7348.82E-04  
357000.E-01  3194.90E-05  6645.89E-04  
364000.E-01  2788.34E-05  5752.66E-04  
371000.E-01  2269.58E-05  4582.94E-04  
378000.E-01  1709.13E-05  3367.14E-04  
385000.E-01  1156.85E-05  2217.64E-04  
392000.E-01  6896.80E-06  1273.64E-04  
399000.E-01  3521.65E-06  6367.87E-05  
406000.E-01  1546.47E-06  2667.64E-05  
413000.E-01  5081.91E-07  8438.17E-06  
420000.E-01  1326.73E-07  2120.15E-06  
427000.E-01  2132.88E-08  3463.13E-07  
434000.E-01  4657.19E-09  5657.22E-08  
441000.E-01  1385.73E-09  1382.45E-08  
448000.E-01  0000.00E+00  0000.00E+00  
455000.E-01  0000.00E+00  0000.00E+00  
462000.E-01  0000.00E+00  0000.00E+00  
469000.E-01  0000.00E+00  0000.00E+00  
476000.E-01  0000.00E+00  0000.00E+00  
483000.E-01  0000.00E+00  0000.00E+00  
490000.E-01  0000.00E+00  0000.00E+00  
497000.E-01  0000.00E+00  0000.00E+00  
504000.E-01  0000.00E+00  0000.00E+00  
511000.E-01  0000.00E+00  0000.00E+00  
518000.E-01  0000.00E+00  0000.00E+00  
525000.E-01  0000.00E+00  0000.00E+00  
532000.E-01  0000.00E+00  0000.00E+00  
539000.E-01  0000.00E+00  0000.00E+00  
546000.E-01  0000.00E+00  0000.00E+00  
553000.E-01  0000.00E+00  0000.00E+00  
560000.E-01  0000.00E+00  0000.00E+00  
567000.E-01  0000.00E+00  0000.00E+00  
574000.E-01  0000.00E+00  0000.00E+00  
581000.E-01  0000.00E+00  0000.00E+00  
588000.E-01  0000.00E+00  0000.00E+00  
595000.E-01  0000.00E+00  0000.00E+00  
602000.E-01  0000.00E+00  0000.00E+00  
609000.E-01  0000.00E+00  0000.00E+00  
616000.E-01  0000.00E+00  0000.00E+00  
623000.E-01  0000.00E+00  0000.00E+00  
630000.E-01  0000.00E+00  0000.00E+00  
637000.E-01  0000.00E+00  0000.00E+00  
644000.E-01  0000.00E+00  0000.00E+00  
651000.E-01  0000.00E+00  0000.00E+00  
658000.E-01  0000.00E+00  0000.00E+00  
665000.E-01  0000.00E+00  0000.00E+00  
672000.E-01  0000.00E+00  0000.00E+00  
679000.E-01  0000.00E+00  0000.00E+00  
686000.E-01  0000.00E+00  0000.00E+00  
693000.E-01  0000.00E+00  0000.00E+00  
700000.E-01  0000.00E+00  0000.00E+00  

 To convert to Energy Lost - multiply by Average Binding Energy =  3  eV/Vacancy
