====== Cu (15000) into Layer 1                  =======
        SRIM-2013.00
=======================================
    Energy transferred to RECOILS      
 See SRIM Outputs\TDATA.txt for calc. details 
=======================================
--------------------------------------------------------------------
    Recoil/Damage Calculations made with Kinchin-Pease Estimates    
--------------------------------------------------------------------
 See file: SRIM Outputs\TDATA.txt for data about the calculation
 Ion    = Cu   Energy = 15000 keV
============= TARGET MATERIAL ======================================
Layer  1 : Layer 1
Layer Width = 70000.E+00 AAA ;
  Layer # 1- Density = 8.453E22 atoms/cm3 = 8.92 g/cm3
  Layer # 1- Cu = 100  Atomic Percent = 100  Mass Percent
====================================================================
 Total Ions calculated =99999.00
===========================================================
  Table Energy Units are  >>>>  eV /(Angstrom-Ion)  <<<<  
===========================================================
   DEPTH       ENERGY       ENERGY    
   DEPTH        from        Absorbed  
   (Ang.)       IONS        by Recoils
----------   ------------  -----------
700010.E-03  2244.25E-02  2244.25E-02
140001.E-02  2342.38E-02  2342.38E-02
210001.E-02  2353.48E-02  2353.48E-02
280001.E-02  2498.96E-02  2498.96E-02
350001.E-02  2562.85E-02  2562.85E-02
420001.E-02  2667.96E-02  2667.96E-02
490001.E-02  2815.52E-02  2815.52E-02
560001.E-02  3000.03E-02  3000.03E-02
630001.E-02  3046.04E-02  3046.04E-02
700001.E-02  3263.76E-02  3263.76E-02
770001.E-02  3300.77E-02  3300.77E-02
840001.E-02  3319.47E-02  3319.47E-02
910001.E-02  3576.64E-02  3576.64E-02
980001.E-02  3595.26E-02  3595.26E-02
105000.E-01  3876.03E-02  3876.03E-02
112000.E-01  4118.98E-02  4118.98E-02
119000.E-01  4432.37E-02  4432.37E-02
126000.E-01  4352.24E-02  4352.24E-02
133000.E-01  4704.23E-02  4704.23E-02
140000.E-01  4910.60E-02  4910.60E-02
147000.E-01  5043.32E-02  5043.32E-02
154000.E-01  5397.61E-02  5397.61E-02
161000.E-01  5728.29E-02  5728.29E-02
168000.E-01  6029.97E-02  6029.97E-02
175000.E-01  6404.66E-02  6404.66E-02
182000.E-01  6780.60E-02  6780.60E-02
189000.E-01  7188.27E-02  7188.27E-02
196000.E-01  7779.72E-02  7779.72E-02
203000.E-01  8158.48E-02  8158.48E-02
210000.E-01  8693.82E-02  8693.82E-02
217000.E-01  9342.22E-02  9342.22E-02
224000.E-01  1002.85E-01  1002.85E-01
231000.E-01  1066.23E-01  1066.23E-01
238000.E-01  1139.20E-01  1139.20E-01
245000.E-01  1204.76E-01  1204.76E-01
252000.E-01  1292.60E-01  1292.60E-01
259000.E-01  1343.44E-01  1343.44E-01
266000.E-01  1387.46E-01  1387.46E-01
273000.E-01  1392.98E-01  1392.98E-01
280000.E-01  1371.58E-01  1371.58E-01
287000.E-01  1286.89E-01  1286.89E-01
294000.E-01  1173.71E-01  1173.71E-01
301000.E-01  9924.87E-02  9924.87E-02
308000.E-01  7737.81E-02  7737.81E-02
315000.E-01  5575.07E-02  5575.07E-02
322000.E-01  3577.71E-02  3577.71E-02
329000.E-01  1951.23E-02  1951.23E-02
336000.E-01  9176.79E-03  9176.79E-03
343000.E-01  3603.93E-03  3603.93E-03
350000.E-01  1114.92E-03  1114.92E-03
357000.E-01  2421.61E-04  2421.61E-04
364000.E-01  4851.70E-05  4851.70E-05
371000.E-01  4590.31E-06  4590.31E-06
378000.E-01  2004.19E-06  2004.19E-06
385000.E-01  2760.34E-07  2760.34E-07
392000.E-01  0000.00E+00  0000.00E+00
399000.E-01  0000.00E+00  0000.00E+00
406000.E-01  0000.00E+00  0000.00E+00
413000.E-01  0000.00E+00  0000.00E+00
420000.E-01  0000.00E+00  0000.00E+00
427000.E-01  0000.00E+00  0000.00E+00
434000.E-01  0000.00E+00  0000.00E+00
441000.E-01  0000.00E+00  0000.00E+00
448000.E-01  0000.00E+00  0000.00E+00
455000.E-01  0000.00E+00  0000.00E+00
462000.E-01  0000.00E+00  0000.00E+00
469000.E-01  0000.00E+00  0000.00E+00
476000.E-01  0000.00E+00  0000.00E+00
483000.E-01  0000.00E+00  0000.00E+00
490000.E-01  0000.00E+00  0000.00E+00
497000.E-01  0000.00E+00  0000.00E+00
504000.E-01  0000.00E+00  0000.00E+00
511000.E-01  0000.00E+00  0000.00E+00
518000.E-01  0000.00E+00  0000.00E+00
525000.E-01  0000.00E+00  0000.00E+00
532000.E-01  0000.00E+00  0000.00E+00
539000.E-01  0000.00E+00  0000.00E+00
546000.E-01  0000.00E+00  0000.00E+00
553000.E-01  0000.00E+00  0000.00E+00
560000.E-01  0000.00E+00  0000.00E+00
567000.E-01  0000.00E+00  0000.00E+00
574000.E-01  0000.00E+00  0000.00E+00
581000.E-01  0000.00E+00  0000.00E+00
588000.E-01  0000.00E+00  0000.00E+00
595000.E-01  0000.00E+00  0000.00E+00
602000.E-01  0000.00E+00  0000.00E+00
609000.E-01  0000.00E+00  0000.00E+00
616000.E-01  0000.00E+00  0000.00E+00
623000.E-01  0000.00E+00  0000.00E+00
630000.E-01  0000.00E+00  0000.00E+00
637000.E-01  0000.00E+00  0000.00E+00
644000.E-01  0000.00E+00  0000.00E+00
651000.E-01  0000.00E+00  0000.00E+00
658000.E-01  0000.00E+00  0000.00E+00
665000.E-01  0000.00E+00  0000.00E+00
672000.E-01  0000.00E+00  0000.00E+00
679000.E-01  0000.00E+00  0000.00E+00
686000.E-01  0000.00E+00  0000.00E+00
693000.E-01  0000.00E+00  0000.00E+00
700000.E-01  0000.00E+00  0000.00E+00
