====== Cu (15000) into Layer 1                  =======
        SRIM-2013.00
==========================================
    Ion and Target VACANCY production     
  See SRIM Outputs\TDATA.txt for calc. details
==========================================
--------------------------------------------------------------------
    Recoil/Damage Calculations made with Kinchin-Pease Estimates    
--------------------------------------------------------------------
 See file :  SRIM Outputs\TDATA.txt for calculation data
 Ion    = Cu   Energy = 15000 keV
============= TARGET MATERIAL ======================================
Layer  1 : Layer 1
Layer Width =     7.E+04 A ;
  Layer # 1- Density = 8.453E22 atoms/cm3 = 8.92 g/cm3
  Layer # 1- Cu = 100  Atomic Percent = 100  Mass Percent
====================================================================
 Total Ions calculated =99999.00
 Total Target Vacancies     = 17940 /Ion

==========================================================
  Table Units are  >>>> Vacancies/(Angstrom-Ion)  <<<<  
==========================================================
   TARGET     VACANCIES     VACANCIES 
   DEPTH         by            by     
   (Ang.)       IONS         RECOILS  
-----------  -----------  ------------
700010.E-03  1139.21E-05  1467.28E-04  
140001.E-02  1199.20E-05  1526.06E-04  
210001.E-02  1236.92E-05  1573.36E-04  
280001.E-02  1270.35E-05  1683.25E-04  
350001.E-02  1307.89E-05  1732.60E-04  
420001.E-02  1346.45E-05  1814.18E-04  
490001.E-02  1385.28E-05  1915.02E-04  
560001.E-02  1430.45E-05  2014.60E-04  
630001.E-02  1475.64E-05  2097.53E-04  
700001.E-02  1522.05E-05  2219.95E-04  
770001.E-02  1569.81E-05  2278.84E-04  
840001.E-02  1621.98E-05  2330.17E-04  
910001.E-02  1676.34E-05  2502.79E-04  
980001.E-02  1730.56E-05  2555.17E-04  
105000.E-01  1796.10E-05  2742.30E-04  
112000.E-01  1855.66E-05  2898.70E-04  
119000.E-01  1921.68E-05  3088.51E-04  
126000.E-01  1994.68E-05  3156.76E-04  
133000.E-01  2069.07E-05  3386.23E-04  
140000.E-01  2150.67E-05  3531.72E-04  
147000.E-01  2236.39E-05  3699.28E-04  
154000.E-01  2327.43E-05  3965.29E-04  
161000.E-01  2429.59E-05  4218.71E-04  
168000.E-01  2538.11E-05  4448.12E-04  
175000.E-01  2650.67E-05  4765.33E-04  
182000.E-01  2773.89E-05  5046.78E-04  
189000.E-01  2901.94E-05  5433.38E-04  
196000.E-01  3046.91E-05  5886.37E-04  
203000.E-01  3184.61E-05  6252.27E-04  
210000.E-01  3337.68E-05  6750.67E-04  
217000.E-01  3463.08E-05  7261.58E-04  
224000.E-01  3591.86E-05  7881.11E-04  
231000.E-01  3665.67E-05  8476.67E-04  
238000.E-01  3703.43E-05  9156.65E-04  
245000.E-01  3808.91E-05  9784.74E-04  
252000.E-01  3989.72E-05  1058.47E-03  
259000.E-01  4174.64E-05  1113.93E-03  
266000.E-01  4312.52E-05  1160.39E-03  
273000.E-01  4379.99E-05  1178.52E-03  
280000.E-01  4357.30E-05  1170.62E-03  
287000.E-01  4167.07E-05  1110.71E-03  
294000.E-01  3844.87E-05  1020.83E-03  
301000.E-01  3349.53E-05  8719.35E-04  
308000.E-01  2694.20E-05  6859.92E-04  
315000.E-01  2012.97E-05  4990.55E-04  
322000.E-01  1331.38E-05  3222.69E-04  
329000.E-01  7632.43E-06  1776.52E-04  
336000.E-01  3774.35E-06  8396.32E-05  
343000.E-01  1524.23E-06  3312.91E-05  
350000.E-01  4916.33E-07  1034.04E-05  
357000.E-01  1255.16E-07  2253.84E-06  
364000.E-01  3034.32E-08  4546.74E-07  
371000.E-01  1557.16E-09  4266.26E-08  
378000.E-01  1357.16E-09  2142.54E-08  
385000.E-01  1142.87E-10  2710.54E-09  
392000.E-01  0000.00E+00  0000.00E+00  
399000.E-01  0000.00E+00  0000.00E+00  
406000.E-01  0000.00E+00  0000.00E+00  
413000.E-01  0000.00E+00  0000.00E+00  
420000.E-01  0000.00E+00  0000.00E+00  
427000.E-01  0000.00E+00  0000.00E+00  
434000.E-01  0000.00E+00  0000.00E+00  
441000.E-01  0000.00E+00  0000.00E+00  
448000.E-01  0000.00E+00  0000.00E+00  
455000.E-01  0000.00E+00  0000.00E+00  
462000.E-01  0000.00E+00  0000.00E+00  
469000.E-01  0000.00E+00  0000.00E+00  
476000.E-01  0000.00E+00  0000.00E+00  
483000.E-01  0000.00E+00  0000.00E+00  
490000.E-01  0000.00E+00  0000.00E+00  
497000.E-01  0000.00E+00  0000.00E+00  
504000.E-01  0000.00E+00  0000.00E+00  
511000.E-01  0000.00E+00  0000.00E+00  
518000.E-01  0000.00E+00  0000.00E+00  
525000.E-01  0000.00E+00  0000.00E+00  
532000.E-01  0000.00E+00  0000.00E+00  
539000.E-01  0000.00E+00  0000.00E+00  
546000.E-01  0000.00E+00  0000.00E+00  
553000.E-01  0000.00E+00  0000.00E+00  
560000.E-01  0000.00E+00  0000.00E+00  
567000.E-01  0000.00E+00  0000.00E+00  
574000.E-01  0000.00E+00  0000.00E+00  
581000.E-01  0000.00E+00  0000.00E+00  
588000.E-01  0000.00E+00  0000.00E+00  
595000.E-01  0000.00E+00  0000.00E+00  
602000.E-01  0000.00E+00  0000.00E+00  
609000.E-01  0000.00E+00  0000.00E+00  
616000.E-01  0000.00E+00  0000.00E+00  
623000.E-01  0000.00E+00  0000.00E+00  
630000.E-01  0000.00E+00  0000.00E+00  
637000.E-01  0000.00E+00  0000.00E+00  
644000.E-01  0000.00E+00  0000.00E+00  
651000.E-01  0000.00E+00  0000.00E+00  
658000.E-01  0000.00E+00  0000.00E+00  
665000.E-01  0000.00E+00  0000.00E+00  
672000.E-01  0000.00E+00  0000.00E+00  
679000.E-01  0000.00E+00  0000.00E+00  
686000.E-01  0000.00E+00  0000.00E+00  
693000.E-01  0000.00E+00  0000.00E+00  
700000.E-01  0000.00E+00  0000.00E+00  

 To convert to Energy Lost - multiply by Average Binding Energy =  0  eV/Vacancy
